BEGIN YODA_SCATTER2D_V2 /REF/ATLAS_2014_I1326911/d28-x01-y01
ErrorBreakdown: {0: {stat: {dn: -0.0126, up: 0.0126}, 'sys,TAA uncertainty': {dn: -0.011025000000000002, up: 0.011025000000000002}, 'sys,corr': {dn: -0.046200000000000005, up: 0.046200000000000005}, 'sys,luminosity uncertainty': {dn: -0.016275, up: 0.016275}, 'sys,uncorr': {dn: -0.063, up: 0.063}}, 1: {stat: {dn: -0.013754000000000002, up: 0.013754000000000002}, 'sys,TAA uncertainty': {dn: -0.011109, up: 0.011109}, 'sys,corr': {dn: -0.064009, up: 0.064009}, 'sys,luminosity uncertainty': {dn: -0.016399, up: 0.016399}, 'sys,uncorr': {dn: -0.040733000000000005, up: 0.040733000000000005}}, 2: {stat: {dn: -0.008928, up: 0.008928}, 'sys,TAA uncertainty': {dn: -0.010416, up: 0.010416}, 'sys,corr': {dn: -0.040175999999999996, up: 0.040175999999999996}, 'sys,luminosity uncertainty': {dn: -0.015376, up: 0.015376}, 'sys,uncorr': {dn: -0.01736, up: 0.01736}}, 3: {stat: {dn: -0.008688000000000001, up: 0.008688000000000001}, 'sys,TAA uncertainty': {dn: -0.011403000000000002, up: 0.011403000000000002}, 'sys,corr': {dn: -0.05430000000000001, up: 0.05430000000000001}, 'sys,luminosity uncertainty': {dn: -0.016833000000000004, up: 0.016833000000000004}, 'sys,uncorr': {dn: -0.004887000000000001, up: 0.004887000000000001}}, 4: {stat: {dn: -0.009859999999999999, up: 0.009859999999999999}, 'sys,TAA uncertainty': {dn: -0.01218, up: 0.01218}, 'sys,corr': {dn: -0.05857999999999999, up: 0.05857999999999999}, 'sys,luminosity uncertainty': {dn: -0.01798, up: 0.01798}, 'sys,uncorr': {dn: -0.0029, up: 0.0029}}, 5: {stat: {dn: -0.014322000000000001, up: 0.014322000000000001}, 'sys,TAA uncertainty': {dn: -0.013671, up: 0.013671}, 'sys,corr': {dn: -0.068355, up: 0.068355}, 'sys,luminosity uncertainty': {dn: -0.020181, up: 0.020181}, 'sys,uncorr': {dn: -0.0039059999999999997, up: 0.0039059999999999997}}, 6: {stat: {dn: -0.022202, up: 0.022202}, 'sys,TAA uncertainty': {dn: -0.013713000000000001, up: 0.013713000000000001}, 'sys,corr': {dn: -0.07509500000000001, up: 0.07509500000000001}, 'sys,luminosity uncertainty': {dn: -0.020243, up: 0.020243}, 'sys,uncorr': {dn: -0.005224, up: 0.005224}}, 7: {stat: {dn: -0.040077, up: 0.040077}, 'sys,TAA uncertainty': {dn: -0.013797000000000002, up: 0.013797000000000002}, 'sys,corr': {dn: -0.08869500000000001, up: 0.08869500000000001}, 'sys,luminosity uncertainty': {dn: -0.020367000000000003, up: 0.020367000000000003}, 'sys,uncorr': {dn: -0.030879000000000004, up: 0.030879000000000004}}}
IsRef: 1
Path: /REF/ATLAS_2014_I1326911/d28-x01-y01
Title: doi:10.17182/hepdata.66021.v1/t28
Type: Scatter2D
---
# xval	 xerr-	 xerr+	 yval	 yerr-	 yerr+	
5.650000e+01	6.500000e+00	6.500000e+00	5.250000e-01	8.153911e-02	8.153911e-02
7.100000e+01	8.000000e+00	8.000000e+00	5.290000e-01	7.961055e-02	7.961055e-02
8.950000e+01	1.050000e+01	1.050000e+01	4.960000e-01	4.837462e-02	4.837462e-02
1.125000e+02	1.250000e+01	1.250000e+01	5.430000e-01	5.883224e-02	5.883224e-02
1.415000e+02	1.650000e+01	1.650000e+01	5.800000e-01	6.331571e-02	6.331571e-02
1.785000e+02	2.050000e+01	2.050000e+01	6.510000e-01	7.407396e-02	7.407396e-02
2.250000e+02	2.600000e+01	2.600000e+01	6.530000e-01	8.220282e-02	8.220282e-02
2.835000e+02	3.250000e+01	3.250000e+01	6.570000e-01	1.050317e-01	1.050317e-01
END YODA_SCATTER2D_V2


